9906623345852534
9906621174777904
9906623722557533
9906622496971028
9906623722488369
9906620231911280
9906622497164903
9906623252205056
9906623722291457
9906623062410000
9906621175039407
9906623250631824
9906621742975573
9906621835641745
9906622498144828
9906621648995416
9906623815813411
9906620043692703
9906622120856456
9906623346116154
9906621555018436
9906621553312436
9906622590750772
9906622873208404
9906620609201075
9906621836887677
9906622402922418
9906621081978034
9906624096962864
9906624002918652
9906620704295350
9906622874718739
9906622779164663
9906620988393077
9906624284394490
9906622308683095
9906620420260350
9906621930539439
9906622215491332
9906622402006566
9906622779033319
9906621931784677
9906622307897738
9906623063462700
9906621742776465
9906624284199263
9906622403053851
9906622214246608
9906622119614143
9906621647552929
9906620798273791
9906621553837854
9906622498081751
9906622026813459
9906621553116570
9906621743109916
9906623157830777
9906622025961168
9906622685648388
9906620610316608
9906623720655478
9906620799192930
9906621177269241
9906623251485255
9906624190221814
9906620137606079
9906623062934942
9906623063592286
9906620515093270
9906622780605306
9906623440096453
9906621458419049
9906622119217217
9906622118365016
9906622780804314
9906622212867844
9906623626610553
9906623062016638
9906621647294823
9906622778837121
9906622309797442
9906622874190205
9906621081585743
9906622875435476
9906623909005259
9906622309533890
9906620987740401
9906622686431777
9906621176938840
9906619949908501
9906621080931935
9906621647556600
9906622685119534
9906621271179855
9906624189893090
9906623063853343
9906621174779083
9906622404100841
9906622685185218
9906622687478784
9906621365163224
9906623344544457
9906620703703538
9906622402269613
9906623532892725
9906621647290499
9906620233090726
9906623627201057
9906623157438872
9906620421768766
9906624190024045
9906624003244578
9906620703966446
9906623534335836
9906621553837072
9906623156519872
9906622307175768
9906624002392615
9906621080536272
9906623626743587
9906623440093657
9906623440293623
9906623345918307
9906621648277390
9906622968564135
9906620703445050
9906621742257076
9906624096895913
9906622307304963
9906620797553350
9906620421311868
9906622403184548
9906622025631325
9906621364963076
9906623439440761
9906620799325380
9906621835314480
9906620609205221
9906624377588002
9906622214181890
9906623345069550
9906622402988856
9906620797749876
9906623533746296
9906622025303251
9906622967383478
9906623156126024
9906622213657889
9906623532699201
9906620608938648
9906621365881532
9906623156719355
9906621836366890
9906622212673156
9906623062937401
9906623439901357
9906620137932523
9906622781461469
9906621459599092
9906624377782474
9906623628119384
9906621270655678
9906621648671847
9906620987935678
9906620797553549
9906622875372092
9906621459793909
9906621458351571
9906620799323024
9906621932177127
9906622874452214
9906622497885144
9906620514571329
9906623439966159
9906622119217717
9906622215230011
9906621270656826
9906621175236107
9906623062543866
9906624002327808
9906622024910177
9906623440159093
9906622875501877
9906620798601127
9906621835707104
9906621270130864
9906620514506246
9906620515094485
9906622309403313
9906624003445392
9906623252269954
9906622026876374
9906622592584390
9906622592123130
9906623064311136
9906622779231569
9906623627920597
9906622118891544
9906621081256773
9906624002393081
9906622873800674
9906620326543831
9906624284721368
9906621931065968
9906622968630597
9906623908677372
9906622307242443
9906621366012023
9906620892515769
9906624002524010
9906621176939241
9906623627004754
9906620893758350
9906622495851004
9906621364634678
9906621931131294
9906621175173296
9906620797949457
9906621742517310
9906621270327505
9906623721377939
9906622121181526
9906622687023694
9906622213326788
9906622497363999
9906622496375759
9906623722099030
9906623062212942
9906621742913172
9906623063000587
9906622686301212
9906621553577288
9906623344544102
9906623628118216
9906621554038081
9906621836825669
9906622024190551
9906621742257424
9906624378178416
9906620610188840
9906622968759427
9906622026614108
9906620137738856
9906620232501111
9906623440226930
9906620704032086
9906621553182834
9906620514504165
9906622686298823
9906624190873978
9906622496443587
9906623720526846
9906624003705211
9906622686496495
9906622496048765
9906622496837576
9906622497230344
9906624096896726
9906621742059749
9906620893954948
9906621081720050
9906620326871879
9906620892516551
9906622779689266
9906622025697089
9906620421115491
9906622213263146
9906622591473417
9906624377655765
9906621835579051
9906620892973748
9906622686433970
9906622685842734
9906622403250975
9906622118429437
9906621271183616
9906621081718638
9906621930541585
9906623252137837
9906620515158634
9906621269083821
9906621553904685
9906622118691866
9906622590488249
9906621270788490
9906621365360264
9906621177138120
9906622119676219
9906622686232899
9906623062805240
9906620138325963
9906623061889128
9906620703642337
9906621835641587
9906620232111521
9906624191007781
9906622592256997
9906622214178295
9906620326414903
9906621366013802
9906622307634326
9906623158488432
9906621553901622
9906623158094959
9906622497949428
9906622969612948
9906622780473794
9906620421506035
9906623439376420
9906621269806556
9906622592713557
9906622873079575
9906620988264051
9906621270460246
9906622779164189
9906620705210695
9906623533027015
9906620231715965
9906621836956659
9906621269344843
9906621177202056
9906621646569920
9906623344807032
9906622967645975
9906620044017863
9906622873798164
9906623251547474
9906623440487689
9906623440685511
9906620609271706
9906621553706799
9906623533089135
9906621835379168
9906620893893472
9906621269279605
9906622402528390
9906622592519256
9906621646438543
9906622685252985
9906623345263503
9906621176154781
9906622214373460
9906624003376649
9906621459661158
9906621177399590
9906620892774993
9906620703115113
9906621742712980
9906620609595891
9906622496377688
9906620799649338
9906622403252199
9906622590616380
9906623250368705
9906621554037405
9906622025764703
9906621269479670
9906621460512924
9906620326348015
9906621835317956
9906622497623115
9906623628316944
9906623440683087
9906621743044447
9906623156717640
9906621554755990
9906623816007931
9906620986693535
9906622779492056
9906621553971781
9906620608875968
9906622495785663
9906620893432492
9906620798997092
9906621083028774
9906623249976228
9906621082897715
9906622969152647
9906620609528800
9906622873472227
9906621555017754
9906623722296154
9906622402331276
9906623440619841
9906620610512316
9906623250828707
9906620138654756
9906620988261757
9906622687216953
9906620043431976
9906624189958404
9906622120658980
9906620514961514
9906620609071575
9906621835841129
9906621741863046
9906623061689174
9906622403051712
9906621269147865
9906622779493928
9906621081650639
9906623345198167
9906622590292186
9906623534273121
9906622873145936
9906622592980122
9906621364568539
9906624378179294
9906620986624517
9906620704229120
9906620138653065
9906623439509238
9906623909268108
9906621553182714
9906623158093890
9906620891927309
9906622404362495
9906621742909835
9906622498603795
9906622969352214
9906623722293861
9906621081195279
9906620326085043
9906620894089177
9906622309338211
9906620894218125
9906624190349889
9906622403512498
9906622026682216
9906620609597111
9906622497292731
9906623720852656
9906620704819832
9906621363654373
9906620044284558
9906621176682439
9906623251157683
9906621457828108
9906623156523106
9906624283807977
9906622592059053
9906622118234048
9906624096244419
9906622213395171
9906622308421726
9906620231912310
9906621837348436
9906621742191313
9906620515748670
9906623251351303
9906622875178102
9906623345199004
9906622025893711
9906620703380082
9906623628119271
9906621177335822
9906623909136929
9906623533221661
9906622496375573
9906622498541122
9906620892121371
9906621932375162
9906621837742652
9906621837151480
9906620514571491
9906621743041318
9906622308094515
9906621176877321
9906623533224367
9906623721639845
9906622780802083
9906622308223785
9906620986756108
9906620704557845
9906622684988597
9906620894020674
9906622590550372
9906621741203626
9906620704949413
9906623061690227
9906622684989506
9906622779753631
9906624002851767
9906620799190115
9906623343955432
9906623910251674
9906622403709970
9906620798929002
9906623626608721
9906622308616589
9906623062999700
9906621836627295
9906621271446388
9906623250369255
9906622593110861
9906620703442649
9906621553775482
9906623815814818
9906622120199651
9906621175240139
9906622024058976
9906623157174513
9906622781653170
9906622875045404
9906622968827945
9906622497359963
9906620798013725
9906623720851613
9906620797684803
9906622401413541
9906622591404712
9906623438195964
9906622969546555
9906620705145803
9906621648016507
9906623720722428
9906623062606993
9906621742776363
9906623626544978
9906623063786864
9906622120005609
9906620231780892
9906622686692829
9906621457826572
9906620138521524
9906621364110276
9906620891925609
9906622308156196
9906620986624652
9906623062738915
9906622309206089
9906622025372662
9906623534142737
9906621175043079
9906621741205972
9906623438848859
9906623439770792
9906622592123505
9906624471761535
9906622214376939
9906621457698854
9906623344935672
9906622780342438
9906623156192456
9906620704425277
9906621838002951
9906624003771393
9906624003705675
9906621743633158
9906623345333316
9906623628316685
9906620326543391
9906622309667502
9906621175892994
9906622592978508
9906621175762763
9906620609467058
9906620327267156
9906621457892458
9906623815029336
9906622779360746
9906620516406087
9906622214309288
9906621741533745
9906624283872715
9906624002986387
9906621365029010
9906621836694546
9906620327201817
9906622024583423
9906620137800123
9906620515158008
9906621836953892
9906621742059948
9906621837083377
9906622026745617
9906622591407123
9906623908874500
9906620704951465
9906623627986607
9906623627526462
9906621552202063
9906623061819752
9906620891664088
9906622121120039
9906622402070247
9906623157306308
9906621648930943
9906622212604920
9906620609399558
9906622119019298
9906621930999124
9906620799320344
9906622024976326
9906624002396487
9906622590618911
9906620704097891
9906622684660718
9906622212801433
9906623721899686
9906621176283487
9906620326215815
9906623063656340
9906623534402466
9906623440620327
9906623250301014
9906621363652703
9906622873736000
9906624002392524
9906623250368417
9906620609594354
9906623627657562
9906622968301281
9906622781592076
9906622873735041
9906622119019914
9906623721443507
9906619949581507
9906622401937703
9906623062803219
9906622025700338
9906620043692539
9906624284656973
9906620703904649
9906622592061238
9906622967713215
9906621741142019
9906623251223602
9906621742121012
9906620988393522
9906623721966506
9906622685582770
9906621742977359
9906620232568650
9906621081321561
9906622685316675
9906620514962868
9906621647618432
9906621648210219
9906622780674347
9906620891923154
9906622685972520
9906623533025765
9906624002199733
9906621554559543
9906622213789099
9906622496705704
9906624190090214
9906620138590059
9906620893762108
9906622591143589
9906622120595730
9906622779427819
9906623156781689
9906620514833024
9906624377917130
9906623062672477
9906622875111952
9906620231913643
9906621081982088
9906621553248069
9906620987277773
9906620514506013
9906622874848364
9906622308223077
9906623721768599
9906620797749243
9906622779822288
9906622309011998
9906620892057953
9906623061822218
9906623157309227
9906622873929513
9906621647949409
9906622592319837
9906620987544076
9906624190746332
9906623438981829
9906622309207459
9906620138324689
9906622687150818
9906622309729944
9906621836493385
9906622687220304
9906622685907268
9906621270462501
9906623344476964
9906620986556595
9906623815094946
9906622684923359
9906623251026346
9906620232108005
9906622025829219
9906620893958836
9906620705084536
9906624284002743
9906623439046818
9906623627990055
9906623346248281
9906621458743720
9906620704556277
9906623532830962
9906620515747182
9906621742776854
9906620892579442
9906623908414990
9906622873802026
9906623720982643
9906621460185512
9906623815943018
9906622026092012
9906622026679397
9906621742650445
9906620609205077
9906621929950309
9906620420195876
9906620516404548
9906623534665018
9906621080732886
9906620892383159
9906621552788092
9906623345265941
9906620893955303
9906623062868713
9906623533289161
9906621270068168
9906622781261900
9906620987015844
9906623157243781
9906621457957008
9906622025173988
9906622025500334
9906621552197868
9906621176288644
9906622779032383
9906622213851651
9906622212866589
9906622779232569
9906623345919537
9906623534469271
9906621648015969
9906620610904313
9906621174844853
9906621365882813
9906622025369839
9906622120791645
9906624284592020
9906620420327997
9906622026352601
9906622308225448
9906623721901900
9906621837607528
9906621176812601
9906621459402756
9906621458482992
9906623062541780
9906622496311155
9906624097423482
9906621457764225
9906623909333529
9906620703967182
9906623722098539
9906621364112170
9906623063852540
9906622026746319
9906620138718126
9906622307306874
9906620137865437
9906622875045756
9906621929557286
9906622781592152
9906623346119336
9906622214443961
9906622874061583
9906621270922368
9906622498739119
9906620515287330
9906622307307128
9906623909466202
9906621270919736
9906622779623368
9906623720785725
9906622873537758
9906624097028558
9906621366013331
9906622212737608
9906621271180857
9906623626413996
9906623908283980
9906624191333725
9906623533679893
9906622779363186
9906622118429551
9906621647227803
9906621080731904
9906622781522441
9906621364439889
9906621175696968
9906620326282681
9906620044083393
9906622592844349
9906621458353327
9906622404038819
9906624284595063
9906621646966700
9906621176613821
9906622592059111
9906623534140418
9906622872946224
9906623626805889
9906620421244968
9906620988197197
9906620515487205
9906624002523377
9906620988588508
9906621270066755
9906621460120719
9906623345267482
9906621081719131
9906624002590139
9906623251616769
9906623064048215
9906621646704343
9906623064311744
9906622309860665
9906622687283297
9906623346381339
9906622213917246
9906622780933954
9906621930476521
9906622023993609
9906620894219523
9906624378307533
9906621460582450
9906624002130057
9906623344938521
9906622686106453
9906621365552388
9906622025109436
9906621741009713
9906621082504896
9906621460186027
9906622120200889
9906623722097484
9906621649061327
9906622967974180
9906621835706444
9906622309207313
9906620797684771
9906622967974187
9906623722029174
9906623439963916
9906620516010632
9906623251481495
9906621081190674
9906621457830402
9906621365029414
9906622214246327
9906621457894080
9906620515160902
9906623814959176
9906622401350284
9906621931849998
9906622781588739
9906621175170659
9906624003773597
9906620798274878
9906622498280263
9906622026617944
9906624096043985
9906621270264198
9906620043954050
9906621930342447
9906623720984939
9906622686300610
9906623064182051
9906620516275657
9906621366143893
9906623438128968
9906620703375484
9906622120002151
9906620609664528
9906620891991122
9906622119021293
9906621176152993
9906622024779903
9906622402659006
9906620986036020
9906620986758043
9906623438131027
9906623345200779
9906620891792676
9906620138588864
9906620326351496
9906620986492614
9906620704099645
9906622591075452
9906622401479115
9906622875503868
9906623909137110
9906623720723285
9906621743761310
9906623533356371
9906623721638280
9906622779360561
9906623344216127
9906622592385318
9906622685381640
9906621835905190
9906623815944000
9906623439574502
9906619949974263
9906623251419287
9906622591276869
9906623816336123
9906621648275289
9906620892580674
9906623061887197
9906621082113026
9906621175435485
9906622780868015
9906623909463226
9906622875632070
9906621177007262
9906620515945626
9906622590157396
9906620609335285
9906621270526799
9906624003637608
9906623626350516
9906622025172026
9906623908680362
9906622402398757
9906621270262842
9906622120658778
9906621175761019
9906623440553832
9906622026155533
9906621364046007
9906622498080088
9906621271443435
9906622685976432
9906622120593233
9906620892320482
9906621270066004
9906622685908351
9906620797422723
9906621269148182
9906621175895461
9906620893692750
9906621648996347
9906624191140345
9906620325954498
9906623344936719
9906621930016841
9906622403120694
9906621837018271
9906622215164606
9906623346249022
9906624003769129
9906622213589314
9906622024909947
9906622403448753
9906624002263490
9906622024911551
9906620326350447
9906622118494723
9906623438197731
9906621081126549
9906622592257066
9906622687478112
9906621646900636
9906621836168138
9906623440161787
9906623062281189
9906622592452517
9906623532370570
9906622686956770
9906623627333395
9906620799653516
9906622025959183
9906621554755495
9906621458351823
9906622968563064
9906622401874052
9906621270067989
9906622874650951
9906621742191539
9906624283871207
9906622120528804
9906624378110568
9906620232632941
9906621930866109
9906623251813000
9906623909925328
9906621932177681
9906620988197988
9906623627071455
9906622875042835
9906622591664360
9906621176747281
9906620326610932
9906621553579373
9906620232172834
9906624471634535
9906622496180296
9906621837608570
9906622969939089
9906623157177483
9906621459006480
9906621365551282
9906620798933173
9906620421310414
9906620705280008
9906621929493557
9906622874192018
9906622968629624
9906622781524653
9906622781128744
9906621271248403
9906623064183216
9906621177268545
9906621835317985
9906622590616137
9906621080407290
9906621646635823
9906621742976715
9906623064179527
9906621176680492
9906622024323464
9906621931261291
9906621741665194
9906621646701965
9906620516272975
9906620610186129
9906624191335820
9906620891728215
9906620138062398
9906623252138145
9906620515618374
9906623815881748
9906621269478335
9906620514506384
9906621553970192
9906621932374813
9906620703901584
9906622119477926
9906621552332276
9906620893365002
9906620892386967
9906622684726684
9906622119612673
9906622308356315
9906622215164940
9906621081259125
9906624190154040
9906623346379462
9906621459596796
9906622685512239
9906622307699215
9906621835118687
9906623534531740
9906620325956119
9906621365487312
9906622779228962
9906623062016990
9906622023862210
9906623910120820
9906620891725991
9906624002656716
9906620987017293
9906621553771049
9906621743763774
9906622214047307
9906621363783442
9906623627853897
9906621175104835
9906624096764658
9906621365551720
9906620799124027
9906620610446150
9906621836101504
9906620893955768
9906623252005256
9906623250434385
9906623345528182
9906621837019280
9906620893303991
9906620326677834
9906622874846326
9906621364963088
9906620137669623
9906623345528165
9906621270265391
9906623063592497
9906620799389942
9906621081716834
9906623815881632
9906623532630848
9906624003443830
9906620891793115
9906622119087032
9906621741793599
9906620609398874
9906622873930166
9906622496443606
9906623439045296
9906622404232296
9906623627789918
9906622590356071
9906622686363685
9906622024712307
9906620420326959
9906623533615155
9906621175957519
9906622686562130
9906620326809315
9906622402991785
9906623815090898
9906620609857491
9906623439377834
9906620515356856
9906620327198764
9906623345528620
9906620137542125
9906621646438615
9906623816009347
9906621270853573
9906621741730158
9906621080735447
9906623909595287
9906622874781763
9906621742843215
9906620704754610
9906620609268970
9906621553443554
9906621271246194
9906621742385813
9906621458879329
9906623251153203
9906621929947217
9906621081848013
9906620988524561
9906620987478115
9906621649063182
9906623061952188
9906620232438611
9906623158290000
9906622497689642
9906622213259896
9906622025630238
9906621270590009
9906621460450645
9906622024975722
9906620704620782
9906621836561670
9906622592652049
9906621270526118
9906621365356892
9906620515356602
9906620231716757
9906621080733149
9906624002528144
9906624191271341
9906621835706613
9906623062738553
9906621269738219
9906620514897342
9906622403643277
9906621649326838
9906622592848875
9906622592912324
9906620608746481
9906621553246397
9906623439437885
9906621270528708
9906622873931192
9906620609859257
9906621835250857
9906621836301224
9906624003966268
9906623533877952
9906623156585880
9906623062083594
9906622308290506
9906622121118289
9906623156456342
9906620798077000
9906620704230793
9906623157110088
9906622402857777
9906623251092400
9906623062936674
9906623251023575
9906623720653559
9906623440096032
9906623250171625
9906621459008929
9906622024582683
9906621553573984
9906624284200366
9906623722488754
9906622121117007
9906623157765978
9906620421704147
9906623250434028
9906623063136011
9906622307958829
9906622967448536
9906621743106063
9906622212673492
9906621271376017
9906622686300945
9906621082435918
9906621364634192
9906620704689591
9906623156391568
9906623815813612
9906624377586318
9906622213259476
9906622403248918
9906622498537723
9906620986819312
9906620610187838
9906620326741626
9906623438850366
9906620516008287
9906622496114673
9906619949845736
9906622779297958
9906624097552265
9906620798667730
9906620325891584
9906622403579748
9906621082046708
9906623815418501
9906622684725915
9906622402268853
9906621741796028
9906621176156677
9906622024779074
9906622591141018
9906623440425704
9906620797355800
9906623814631640
9906621553184780
9906620609073130
9906624191072464
9906621460644495
9906620798078391
9906623814634532
9906621269610402
9906622307175372
9906621931127253
9906621552855175
9906621176938686
9906620703444506
9906624190091838
9906622684858999
9906621460059736
9906622215422761
9906621741929237
9906622967450600
9906620892450337
9906620798601768
9906623156848511
9906622592191711
9906623061951374
9906622969678840
9906621363589638
9906623345985445
9906620609726468
9906622214312427
9906620420067800
9906620327464875
9906622874649975
9906620232241041
9906621363978327
9906622686233091
9906623156388210
9906621554819431
9906622025760835
9906624284459113
9906621460447876
9906621364834307
9906621835186387
9906622119806654
9906622874587432
9906623439963041
9906623157048326
9906620892578634
9906623722295114
9906623908285866
9906622591403000
9906620797685465
9906623155734327
9906621932045761
9906620043825083
9906624471699259
9906622213129039
9906620892383959
9906620231778881
9906621741861174
9906622779360063
9906624284196947
9906622309863816
9906624378242603
9906620610844490
9906621175041300
9906623251351207
9906622687478605
9906620704560244
9906622403515424
9906620608939350
9906623533615086
9906621177464156
9906622874588183
9906620986295963
9906621646638478
9906623063263103
9906621364048336
9906623156260067
9906621837541525
9906620987605776
9906622213456576
9906621080734574
9906622780478170
9906621269412379
9906621175499634
9906620610839449
9906622023927136
9906623250957438
9906622497622570
9906621647555959
9906620325889898
9906621741271911
9906622118690957
9906620044285542
9906621929816826
9906621458090420
9906622686822903
9906621459862495
9906624189958299
9906623251482086
9906623440491646
9906623061823513
9906624378176796
9906622024583804
9906621931521172
9906620515156744
9906621553773987
9906622307894249
9906621269676917
9906621740750330
9906621082834182
9906620421770859
9906622685318040
9906621270135488
9906622873862401
9906623062934098
9906624190548211
9906620704035949
9906622875897894
9906622968890291
9906621269410341
9906622875636100
9906623533879310
9906624284660195
9906620704622663
9906623252072997
9906621554496851
9906622403576894
9906623061954554
9906624377782792
9906621553508487
9906622214050493
9906621930406582
9906621931126929
9906620704621061
9906622781263091
9906622120133112
9906620798994064
9906621364307876
9908823119760773
9906620044089013
9906623062213534
9906621930865007
9906621271641468
9906622214439893
9906621553971533
9906623063261726
9906624190157711
9906622687088151
9906620797553321
9906621932311592
9906623439375846
9906624002720391
9906622687216766
9906623251353704
9906621270857325
9906621646639861
9906621554166795
9906620798800379
9906623721440722
9906621837804593
9906623063462677
9906620893040900
9906622119482306
9906621552854250
9906621271248201
9906623721767150
9906623814831717
9906621552919749
9906621554820853
9906622402265671
9906621743172047
9906620420982908
9906623439704574
9906621931914807
9906621269740092
9906621177337212
9906621457957315
9906622496638998
9906623815551250
9906621741274750
9906622780343417
9906624190812365
9906622686759320
9906622214242914
9906623346119456
9906621080799138
9906621742124733
9906620137998824
9906623344018061
9906620798014469
9906620137672200
9906622120526576
9906622592717355
9906620892778736
9906622685778751
9906621838132887
9906621930082796
9906624002396164
9906622496769030
9906621081129829
9906623626676321
9906623815746899
9906623532961052
9906620705279967
9906622969807457
9906622213719040
9906621082175857
9906623440164714
9906622401810363
9906621175432700
9906621837020112
9906620137607234
9906621365162264
9906621930017093
9906623626347375
9906620894153591
9906620043628692
9906621647229559
9906621649453672
9906620892643912
9906622687351464
9906622119023101
9906621364244759
9906621647159392
9906623344936565
9906622403838276
9906621459205980
9906621741338584
9906621457891618
9906621553837288
9906620987474831
9906620514568961
9906622969873452
9906621646897243
9906624096436421
9906622120199067
9906620987610396
9906622213327662
9906622873536570
9906620420917610
9906620893825721
9906622591472879
9906621648607243
9906622874519769
9906621363912738
9906623814764379
9908820860732119
9906620515421944
9906621458547889
9906623439638493
9906622024713510
9906620799714861
9906621741271934
9906622025306314
9906621457761637
9906621835774679
9906622687352077
9906621930602678
9906622592451134
9906623720919127
9906621459924302
9906622404298656
9906622213723980
9906621835382193
9906623156390691
9906620609397610
9906621176612500
9906620610514410
9906623440749434
9906621459464462
9906620515222789
9906622778706265
9906621741403691
9906621270917312
9906622121247922
9906620421178580
9906623346246143
9906621554364867
9906622875305826
9906621269412951
9906621930211184
9906622401939502
9906622498145788
9906622590553087
9906620608872819
9906624378045018
9906622592585054
9906622308877917
9906624283872605
9906621175955559
9906624191271977
9906620986887456
9906622968827498
9906622780016908
9906622309338852
9906620138194626
9906622684791029
9906623534138005
9906621458420434
9906622592910215
9906623627725987
9906620799059303
9906620043690466
9906621742255725
9906621741404921
9906620705212336
9906623909726881
9906621836562370
9906624097551024
9906623251744560
9906623250043257
9906622213390568
9906621365486203
9906623346182066
9906622686956595
9906624096829903
9906622874127039
9906623063130826
9906620420459680
9906620232237194
9906622119153132
9906621269541386
9906621175236812
9906621553971937
9906621271508257
9906621646766868
9906620326938322
9906622969483232
9906621458875183
9906624190745724
9906624097420249
9906623720329221
9906621552724796
9906621457961346
9906620891858162
9906621837152065
9906620892775553
9906621837874366
9906622875829084
9906620137673341
9906623721572194
9906623156258226
9906620515291096
9906621553379642
9906621554690567
9906624378180801
9906620515353462
9906623439769608
9906622026285889
9906620799386447
9906624471500107
9906621271181954
9906623815815716
9906623533679187
9906621363852154
9906623250235541
9906622592978339
9906622969479298
9906620893039414
9906620516077528
9906621363653835
9906623908875366
9906621647227127
9906622780281115
9906622685316098
9906621175303883
9906621458092468
9906620421313148
9906621177138823
9906620137866142
9906621363716435
9906622590877841
9906624095916816
9906624002853971
9906624284722619
9906622308291342
9906621176024749
9906620892644569
9906621176026362
9906622307045847
9906622874848470
9906623252595099
9906622308614566
9906621647555463
9906624378307529
9906621552396706
9906623251612314
9906620232237596
9906620703705441
9906621741667144
9906622119151850
9906620609664230
9906622592323897
9906621930408981
9906621363718066
9906622307893755
9906621837545945
9906622592647767
9906621365291485
9906620420392983
9906621080538331
9906621175891110
9906624096374342
9906623533551113
9906622118824307
9906622120460931
9906620988065954
9906621458615169
9906624284263774
9906623627133075
9906623814307999
9906621554493240
9906620988459230
9906623440684488
9906622025764217
9906622214308440
9906620893498749
9906622023994884
9906623156521275
9906623439048162
9906622025634641
9906622781325475
9906621366014606
9906620799517032
9906621742256993
9906621175237398
9906620705276977
9906620893562250
9906622212672309
9906621458745259
9906620610777185
9906624284528093
9906621175043061
9906624002528429
9906623909988436
9906622213262515
9906620232699210
9906621082571134
9906622496441289
9906622873928861
9906624002982797
9906622401876125
9906622592451749
9906624378308270
9906622968433064
9906623816402837
9906620986426511
9906623157506373
9906622873862742
9906621648994598
9906622309405399
9906620986298295
9906622779164430
9906623439968509
9906622591929360
9906622779231725
9906622591077907
9906620893763568
9906623156127381
9906623908810032
9906623156389722
9906621460058236
9906621837149790
9906621364374841
9906623628250999
9906621552133924
9906624002526578
9906622026615903
9906622401938737
9906621554887337
9906621649325544
9906620891730296
9906623628313512
9906623344805610
9906621929754132
9906620798076986
9906622308027357
9906620138127799
9906622874457243
9906620231979225
9906623440423904
9906622687087974
9906620043956132
9906622593109856
9906623439902025
9906623439900182
9906623251549812
9906620327199986
9906622968564250
9906622969876757
9906621741204061
9906622026027128
9906623815748304
9906622687021892
9906620703836826
9906621743434264
9906622781395858
9906622120661315
9906623908811369
9906622402726870
9906622591665844
9906622309730834
9906623252267407
9906620515942582
9906622215030422
9906623440356603
9906623628575287
9906622967975980
9906623721244890
9906620988065284
9906623346247272
9906623627792610
9906622496833952
9906622592321902
9906620420130139
9906623251090219
9906622308747023
9906621838198146
9906622215491608
9906622873207442
9906620703445858
9906622119282117
9906620797555836
9906621364374080
9906622968299799
9906621174846374
9906621742978591
9906623814304079
9906621082700679
9906622497883331
9906621080537185
9906623533811844
9906622969612857
9906620988065990
9906624002922039
9906624283672954
9906623532237704
9906621743104242
9906624378242266
9906620516142195
9906622968696281
9906622118429419
9906621837284736
9906622025106451
9906620421376398
9906621552594650
9906622213394075
9906620891860708
9906621929492495
9906620799649601
9906623345464388
9906621365094571
9906623814959362
9906622590353459
9906622213915762
9906622968234236
9906621931392057
9906622213980911
9906621552463114
9906621457959320
9906624002854552
9906621553181315
9906620986492062
9906622212738514
9906624284066202
9906623909990266
9906620609922202
9906620798472805
9906620798931234
9906621457696935
9906621836627269
9906620138066310
9906623627923446
9906623062543011
9906622402138213
9906620703640449
9906623062808081
9906621175365983
9906621363522492
9906623157766695
9906623814240300
9906621930081241
9906622591075827
9906622780539453
9906623627464554
9906620610710647
9906620608811666
9906621929754383
9906621553577970
9906621365159003
9906624002130480
9906622498801134
9906624284853167
9906621836430711
9906620987606434
9906622213654486
9906622779951693
9906623250564449
9906621271445491
9906620044216288
9906622590357994
9906624002723651
9906622686694260
9906621929817667
9906623532828826
9906620893825687
9906621837085556
9906623440292773
9906622026223280
9906623814632732
9906623438193611
9906623156784485
9906620799456070
9906623816339369
9906620138652559
9906622592453748
9906622118761491
9906620327333294
9906621270459684
9906622403514196
9906622591010449
9906620232829049
9906621081980934
9906620892251504
9906621083025514
9906620610122009
9906623157178507
9906621647554581
9906621647751504
9906622496836873
9906620421308983
9906621175038815
9906622308292892
9906622025240244
9906623909728020
9906621175955530
9906622590684772
9906622684988900
9906622212804695
9906623815552086
9906622969220004
9906621930668953
9906621364308801
9906621082108677
9906620703508496
9906623627924092
9906621742253294
9906622119548515
9906620893171067
9906620327330758
9906621837018042
9906620988263666
9906622309600926
9906621931262655
9906621647424871
9906621553509333
9906622496839705
9906622592256608
9906620044086893
9906621177269240
9906624284262741
9906622970071414
9906623628446122
9906623156195518
9906620892906076
9906623628182771
9906623534336294
9906623909662671
9906624096305650
9906622404103467
9906623534011305
9906620798012955
9906623626938291
9906621270135696
9906623344476520
9906622872947050
9906624002790051
9906621270525301
9906622308488126
9906623627855142
9906622968170429
9906623439178802
9906623626938314
9906622308876617
9906620231716100
9906621175437488
9906620137800982
9906621363782574
9906622779556536
9906622968891040
9906622591733392
9906622778970707
9906621553836622
9906623346380846
9906621837282372
9906620514634429
9906623158093034
9906621270330770
9906622590288697
9906623721243326
9906621646832149
9906622308616129
9906622968693045
9906622308223755
9906621837806980
9906622781066439
9906621742651225
9906622309073690
9906621743564502
9906623720722430
9906622215291440
9906619949647537
9906624190811266
9906621271574337
9906622308027730
9906624002393200
9906620609463418
9906621836755228
9906620704231512
9906622026616906
9906622119286148
9906623628511229
9906620421968649
9906624283611545
9906621742842482
9906620420915775
9906623534008754
9906622686037515
9906623251877656
9906621177009352
9906623908154067
9906621647423960
9906620609858488
9906620988262543
9906623440356792
9906623720787062
9906623628643657
9906620893560895
9906621553118985
9906621365224799
9906620609726806
9906623344215001
9906620798077017
9906622779888440
9906622118627186
9906623439046236
9908823119760085
9906622025762073
9906621459401380
9906623533352418
9906622025367764
9906622779691532
9906623722292872
9906623438915026
9906622498739164
9906620610118093
9906623909987342
9906620420852266
9906621553050643
9906621082371423
9906621837806988
9906622214506035
9906621082506040
9906620893300491
9906622214309864
9906622026354688
9906620704818861
9906622497555577
9906620420983773
9906621081388335
9906622402663682
9906621459794161
9906622402268924
9906620326613699
9906623908874881
9906621647819091
9906620515945374
9906620326480650
9906623815944653
9906623062871467
9906622592125038
9906621741602200
9906621082700510
9906620421505571
9906622873010422
9906623721375875
9906622214771113
9906622687218731
9906621836101100
9906622780999821
9906621080668895
9906621647291488
9906620516140456
9906621836624820
9906620988129709
9906623815287598
9906620516077432
9906620797817190
9906621552329570
9906624096701160
9906624190545993
9906622402006228
9906621271179344
9906622496509217
9906622590289879
9906622401416427
9906623250107540
9906622781002304
9906622687347860
9906622590750313
9906621838067924
9906624283741343
9906623628054771
9906620610249622
9906622780474893
9906620799648658
9906623627658142
9906623346049559
9906623908745718
9906622497292364
9906619949715017
9906620516074464
9906622497100530
9906622780805562
9906622968566054
9906621080604218
9906620704232359
9906622875305135
9906621553381325
9906621930473392
9906623722294008
9906621554169960
9906622591340690
9906621838070101
9906620138520732
9906622214571145
9906621457698093
9906621646964298
9906621081649449
9906622402924079
9906624378047427
9906622026156409
9906620326022722
9906621741534463
9906622498737312
9906620421837369
9906624377717902
9906621930869519
9906621552792422
9906623157835115
9906620327397910
9906621838197164
9906621553444739
9906623345921887
9906622592516943
9906623815090914
9906622875108703
9906621458879229
9906620231845171
9906620891859204
9906623158223580
9906622495919064
9906621458615383
9906623532306379
9906621648933076
9906621835773653
9906621176087794
9906623345133542
9906624002725740
9906620797486765
9906623251484668
9906620609336587
9906622308292447
9906620797552037
9906622215098196
9906620138195749
9906622118628373
9906620325891974
9906623439966096
9906622026942927
9906621176549148
9906621647359981
9906624191268001
9906620987343330
9906621648798566
9906622121117256
9906622592059143
9906621270657633
9906620609464243
9906623814306953
9906621554165800
9906621082964978
9906620043955009
9906620987544638
9906620420391043
9906624377914701
9906622403838007
9906621837017213
9906622401939188
9906620138392732
9906621837411868
9906621080470054
9906622780740103
9906620986754555
9906620703968246
9906620138129575
9906622024257524
9906620703117399
9906621930078641
9906621365490399
9906621835120324
9906622969811124
9906623626677378
9906621174647153
9906624190743500
9906623250957501
9906620516405581
9906622403773924
9906620327333976
9906624284264643
9906620894089080
9906621366077459
9906623249908895
9906620798928353
9906622496968693
9906621081521901
9906621552593178
9906624284131636
9906621269150880
9906620987017925
9906620515289736
9906620892316984
9906624097093824
9906623908613395
9906623814895538
9906622401937491
9906622968893017
9906621271380701
9906622969286170
9906623814635902
9906621835577824
9906621365293016
9906620514959537
9906622684856414
9906620609989987
9906623720918850
9906621177004348
9906620703706875
9906622687217060
9906621743238254
9906621552460763
9906620420919464
9906623532697131
9906620514965194
9906620705017703
9906623251419288
9906621929620884
9906622874977799
9906621931719574
9906621552461725
9906622213983477
9906621081719047
9906622685648417
9906623909397700
9906620891664496
9906622215361631
9906622497297247
9906622025958098
9906620610710159
9906622497296387
9906621175368354
9906624097093741
9906623721507632
9906620799583090
9906621836824930
9906620797816349
9906623346443270
9906624096633954
9906622404103562
9906620988266007
9906621552790237
9906624096310883
9906622119477892
9906622592451899
9906622214045920
9906624284528398
9906624096768256
9906622026089715
9906623062938721
9906623534402262
9906620986295356
9906623344019101
9906621554103547
9906622402530719
9906624002984360
9906621552461544
9906623534207142
9906621929688923
9906620325889913
9906622496768366
9906620798932377
9906623628378228
9906622496771240
9906623062086258
9906620893433547
9906623346248282
9906620798014283
9906621930995855
9906622781456646
9906624003314008
9906624003507746
9906620138591674
9906621837412638
9906621932570329
9906620987605215
9906621459140095
9906621175825233
9906620892645057
9906620232369301
9906622495981828
9906623157044125
9906620421898891
9906620515288444
9906620044348988
9906623158485377
9906620986427644
9906622874389577
9906620326676891
9906622118953645
9906623626872388
9906622496640891
9906621837017200
9906624190549639
9906624284529195
9906621552921228
9906620137802049
9906622402796157
9906621081850725
9906623344086705
9906624284460326
9906620233158880
9906624283872402
9906621837217987
9906620043822105
9906620420851592
9906623534272009
9906621648996453
9906621458812270
9906622025895862
9906621458354546
9906622026617056
9906621459729517
9906623156851586
9906621554952973
9906621553446300
9906621458024902
9906621175236693
9906622875701787
9906622212673569
9906623627461494
9906620799061797
9906621743366295
9906622498541294
9906621648146056
9906621837869150
9906623061626943
9906622875764793
9906621646770602
9906621460188537
9906622307962009
9906622874651665
9906622403908465
9906622119348560
9906620986952005
